1084.111111111112
1729.4973544973548
2010.119047619047
2106.746031746031
1897.2222222222229
1933.0026455026443
1511.7063492063494
2021.6931216931214
2085.31746031746
2080.952380952381
1871.0158730158735
1868.584656084656
2220.833333333334
2208.3333333333335
1997.6851851851857
2042.1957671957664
2239.219576719578
2164.0873015873017
2291.9973544973545
2291.4021164021137
2278.968253968253
2131.6640211640215
1359.7169312169312
555.6798941798943
251.83597883597884
591.8148148148148
2268.981481481481
711.6851851851851
2223.677248677248
2124.4550264550253
2134.1772486772497
2253.4391534391525
2185.714285714284
161.15608465608463
2161.243386243389
250.71957671957674
2264.0211640211614
2339.219576719576
2218.5846560846576
288.03703703703707
2152.3650793650777
1531.5
2273.2804232804197
2072.4206349206343
2260.7804232804224
2278.1746031746006
1370.711640211642
2231.3492063492076
2163.425925925933
2358.201058201058
200.9365079365079
2200.7936507936547
