155
172
179
186
184
189
184
179
180
150
176
189
162
188
190
170
174
185
179
179
192
153
171
176
188
113
177
187
173
183
172
191
180
81
150
188
194
176
178
194
162
188
147
184
131
199
197
169
168
186
186
156
180
197
195
149
191
194
195
196
192
193
190
185
190
195
183
188
168
197
179
190
199
195
191
181
156
176
192
192
190
189
177
198
195
195
194
181
149
167
196
193
181
192
200
192
189
195
177
189
195
194
186
195
194
197
192
187
187
186
195
200
197
193
193
195
191
183
200
175
149
198
199
177
188
199
200
185
198
195
174
190
180
192
186
198
197
187
188
200
189
200
180
197
189
194
197
198
193
176
193
175
178
177
194
193
195
197
196
200
169
194
197
200
192
167
150
195
196
175
193
191
188
188
193
200
158
197
192
199
200
200
142
200
198
196
167
186
200
162
198
199
200
189
200
158
199
196
192
200
200
184
199
187
195
200
193
173
200
163
187
200
169
194
198
197
194
148
200
200
199
144
183
199
200
176
200
200
200
187
200
199
200
199
198
200
200
200
200
200
192
192
166
200
156
160
192
179
198
199
196
200
200
198
200
200
200
200
200
200
200
200
196
200
122
192
187
199
195
200
198
170
199
199
200
194
199
197
175
200
173
189
200
199
200
200
200
198
200
200
200
160
199
200
193
111
198
132
200
200
200
200
129
192
184
196
197
200
200
198
200
200
105
200
200
102
200
199
200
200
200
200
198
197
200
196
200
199
200
200
200
105
200
105
199
199
195
199
198
200
102
200
200
108
197
103
199
196
200
198
200
101
200
200
195
196
200
200
103
199
200
101
198
156
200
200
200
200
186
200
101
200
200
103
199
182
199
200
118
200
199
200
200
199
199
200
190
23
180
200
140
200
199
200
200
102
198
199
200
198
200
200
200
199
198
199
198
129
102
200
103
200
200
200
200
200
200
101
102
200
200
100
200
200
200
199
103
200
200
65
200
102
197
98
200
200
200
200
198
200
198
199
199
200
200
199
199
101
199
200
200
200
199
200
200
103
200
199
200
200
197
200
103
198
98
199
200
200
200
198
195
200
200
200
200
200
199
200
200
200
200
200
99
200
102
7
200
200
199
200
200
200
199
200
200
200
200
199
138
200
199
200
200
199
199
199
101
199
102
199
198
200
200
200
200
199
200
200
200
197
200
199
199
199
200
200
200
200
200
200
200
5
200
199
199
200
200
200
200
200
200
200
196
200
200
199
200
100
200
200
200
99
200
200
200
104
197
199
200
197
199
199
200
200
198
200
200
200
198
198
200
196
199
200
200
199
200
200
106
198
199
199
200
200
200
200
198
101
200
200
198
200
200
102
196
199
199
200
102
103
198
200
200
199
6
199
199
200
200
199
200
101
199
200
200
101
200
199
199
200
199
199
200
199
198
198
200
200
198
200
200
200
200
200
200
200
198
200
104
199
200
200
199
200
200
199
198
200
200
200
200
200
104
200
199
199
199
200
198
199
200
200
200
200
98
200
199
101
200
200
200
100
199
200
200
104
198
198
200
99
199
200
200
200
200
197
200
200
200
200
199
200
200
200
199
198
200
200
200
200
200
200
200
198
199
198
200
198
200
199
200
197
199
199
103
199
200
199
200
200
200
200
196
199
199
199
200
200
199
103
200
102
200
200
198
199
200
101
200
193
200
200
199
200
200
200
200
103
101
200
200
200
199
200
200
199
99
102
200
101
200
196
199
200
200
200
199
100
200
200
199
200
200
200
199
198
99
198
199
200
200
200
200
199
99
200
200
102
200
102
101
174
200
199
103
196
200
200
200
197
199
200
101
200
106
113
200
200
200
199
104
200
200
200
199
200
200
25
99
118
119
104
200
101
200
199
200
200
198
199
200
200
200
200
200
197
200
200
200
200
200
200
199
200
102
200
199
200
200
197
102
199
200
198
199
199
197
200
200
199
103
200
200
200
199
200
200
200
200
200
103
196
198
198
199
200
196
199
200
197
200
200
199
200
200
200
200
199
101
200
103
200
200
200
200
200
199
200
99
199
199
104
200
200
104
200
200
200
200
200
200
200
198
200
196
102
200
200
200
199
199
98
199
199
200
200
102
200
200
200
200
200
200
195
200
102
200
100
198
200
102
200
200
200
200
200
199
200
200
200
200
200
199
200
200
200
100
200
200
200
200
159
102
199
199
200
200
200
200
200
195
200
200
200
200
200
198
197
200
200
200
198
200
198
200
200
198
200
200
200
198
198
104
195
199
200
200
200
102
199
200
200
200
200
200
197
199
101
200
198
200
200
200
199
200
197
200
199
199
105
200
200
199
199
200
4
200
196
200
200
101
199
199
195
198
200
188
188
173
186
189
142
179
184
163
161
164
192
185
194
195
173
195
192
188
183
186
181
187
185
179
183
195
162
179
188
180
196
199
179
197
193
191
190
197
182
176
193
197
195
190
194
196
188
162
195
174
180
192
173
175
195
190
198
190
187
184
187
194
196
196
176
171
170
186
195
191
181
171
157
200
103
175
185
197
161
165
181
158
200
193
179
180
187
195
200
191
186
158
169
116
158
190
189
182
199
199
194
173
192
166
164
199
171
193
198
200
198
199
137
167
195
147
184
189
130
177
194
195
129
188
157
132
180
166
195
191
141
198
180
172
200
196
199
125
200
193
194
200
198
181
200
199
191
198
196
199
197
194
200
200
189
165
192
198
188
200
200
184
200
188
200
198
198
184
187
200
200
188
192
200
194
199
200
182
191
198
196
200
164
198
129
186
200
172
169
146
200
200
191
190
198
200
199
200
170
168
191
200
190
198
200
200
198
200
187
148
193
168
200
200
188
187
200
199
193
200
99
199
197
200
150
199
200
200
200
200
200
200
123
200
198
200
200
200
200
200
200
153
158
200
175
199
200
200
200
199
200
103
169
200
200
200
200
191
199
129
200
200
191
198
101
200
199
184
200
119
200
200
116
105
125
200
200
199
200
125
122
200
140
200
199
200
200
200
200
200
190
200
200
200
200
200
199
200
200
200
200
200
198
198
200
199
200
199
200
200
200
200
199
200
197
199
101
100
200
200
200
200
200
200
101
200
3
200
199
196
200
200
200
200
200
200
199
200
200
200
199
200
101
197
199
199
103
200
200
200
200
200
200
200
200
200
200
199
200
200
200
200
200
103
200
200
200
197
200
200
100
200
200
200
200
200
200
200
200
200
200
200
200
199
100
200
200
198
198
200
199
199
200
200
200
200
200
200
200
199
200
100
200
200
199
200
200
200
200
200
200
200
100
200
199
200
200
200
200
200
200
200
200
200
200
199
200
200
200
200
199
200
100
200
199
100
200
200
200
102
100
200
200
200
200
200
102
200
200
200
200
200
200
200
200
200
200
200
199
200
200
100
200
200
200
102
200
101
101
200
200
200
99
200
200
100
200
200
200
200
200
199
200
199
200
200
103
200
200
200
200
100
200
200
102
199
200
100
200
200
102
200
199
200
200
199
200
200
200
102
200
198
1
200
200
200
200
200
101
100
200
99
200
200
200
158
199
200
200
200
200
200
200
200
200
100
200
102
199
200
103
200
199
199
200
200
200
200
199
200
102
200
101
200
200
200
199
200
200
200
200
200
200
200
200
200
200
200
199
198
200
101
200
200
200
102
200
200
200
200
200
198
200
200
200
200
200
200
200
200
200
200
199
100
199
200
200
101
200
200
200
200
200
200
200
200
200
200
199
200
199
200
200
200
200
101
200
200
200
200
200
2
100
103
101
200
200
200
200
200
200
200
200
199
200
200
200
200
200
200
200
200
200
200
200
200
200
200
200
200
199
200
200
200
199
200
100
200
200
200
200
101
200
101
100
200
200
200
200
200
200
199
200
200
200
200
102
200
101
200
200
200
200
200
200
200
200
200
200
103
199
200
200
200
200
200
200
200
200
200
200
200
200
200
200
158
199
